%1--> Blue   2 -->Red  3 --> Black  
 
t=1
R/L/F/B : R

RGB:79.8668   80.7870  157.5295

     1


pred_belief =

  Columns 1 through 5

    0.0040    0.0360    0.0400    0.0400    0.0400

  Columns 6 through 10

    0.0400    0.0400    0.0400    0.0400    0.0400

  Columns 11 through 15

    0.0400    0.0400    0.0400    0.0400    0.0400

  Columns 16 through 20

    0.0400    0.0400    0.0400    0.0400    0.0400

  Columns 21 through 25

    0.0400    0.0400    0.0400    0.0400    0.0400


belief =

  Columns 1 through 5

    0.0021    0.0187    0.0208    0.0208    0.1458

  Columns 6 through 10

    0.0208    0.1458    0.0208    0.0208    0.0208

  Columns 11 through 15

    0.0208    0.0208    0.0208    0.1458    0.0208

  Columns 16 through 20

    0.0208    0.0208    0.0208    0.0208    0.0208

  Columns 21 through 25

    0.0208    0.0208    0.0208    0.1458    0.0208


t=2

R/L/F/B : R
  RGB:130.8607  128.3781  123.3385

     3


pred_belief =

  Columns 1 through 5

    0.0002    0.0035    0.0173    0.0206    0.0333

  Columns 6 through 10

    0.1208    0.0458    0.1208    0.0333    0.0208

  Columns 11 through 15

    0.0208    0.0208    0.0208    0.0333    0.1208

  Columns 16 through 20

    0.0333    0.0208    0.0208    0.0208    0.0208

  Columns 21 through 25

    0.0208    0.0208    0.0208    0.0333    0.1208


belief =

  Columns 1 through 5

    0.0000    0.0051    0.0250    0.0298    0.0069

  Columns 6 through 10

    0.1747    0.0095    0.1747    0.0069    0.0301

  Columns 11 through 15

    0.0301    0.0301    0.0301    0.0069    0.1747

  Columns 16 through 20

    0.0482    0.0043    0.0301    0.0301    0.0301

  Columns 21 through 25

    0.0301    0.0301    0.0301    0.0069    0.0250

t=3

R/L/F/B : R
  RGB:150.9580  103.5641  120.7111

     2


pred_belief =

  Columns 1 through 5

    0.0000    0.0005    0.0066    0.0235    0.0271

  Columns 6 through 10

    0.0260    0.1414    0.0425    0.1414    0.0260

  Columns 11 through 15

    0.0278    0.0301    0.0301    0.0278    0.0260

  Columns 16 through 20

    0.1453    0.0565    0.0113    0.0275    0.0301

  Columns 21 through 25

    0.0301    0.0301    0.0301    0.0278    0.0110


belief =

  Columns 1 through 5

    0.0000    0.0002    0.0030    0.0105    0.0121

  Columns 6 through 10

    0.0116    0.0634    0.0191    0.4439    0.0117

  Columns 11 through 15

    0.0125    0.0135    0.0135    0.0125    0.0117

  Columns 16 through 20

    0.0651    0.1772    0.0051    0.0124    0.0135

  Columns 21 through 25

    0.0135    0.0135    0.0135    0.0125    0.0346

t=4

R/L/F/B : B
  RGB:109.8551  108.4373  152.1932

     1


pred_belief =

  Columns 1 through 5

    0.0000    0.0000    0.0003    0.0011    0.0012

  Columns 6 through 10

    0.0012    0.0065    0.0043    0.0528    0.0109

  Columns 11 through 15

    0.0106    0.0521    0.0169    0.3574    0.0117

  Columns 16 through 20

    0.0177    0.0349    0.0132    0.0556    0.0118

  Columns 21 through 25

    0.0547    0.1445    0.0067    0.0124    0.0154


belief =

  Columns 1 through 5

    0.0000    0.0000    0.0001    0.0003    0.0027

  Columns 6 through 10

    0.0004    0.0145    0.0014    0.0167    0.0034

  Columns 11 through 15

    0.0033    0.0165    0.0053    0.7920    0.0037

  Columns 16 through 20

    0.0056    0.0110    0.0042    0.0176    0.0037

  Columns 21 through 25

    0.0173    0.0457    0.0021    0.0274    0.0049

t=5
R/L/F/B : B
  RGB:140.9165  139.9301  138.2216

     3


pred_belief =

  Columns 1 through 5

    0.0000    0.0000    0.0000    0.0000    0.0003

  Columns 6 through 10

    0.0000    0.0015    0.0002    0.0019    0.0025

  Columns 11 through 15

    0.0006    0.0132    0.0016    0.0926    0.0034

  Columns 16 through 20

    0.0033    0.0157    0.0048    0.6370    0.0037

  Columns 21 through 25

    0.0065    0.0151    0.0041    0.0960    0.0039


belief =

  Columns 1 through 5

    0.0000    0.0000    0.0000    0.0000    0.0001

  Columns 6 through 10

    0.0001    0.0003    0.0003    0.0004    0.0034

  Columns 11 through 15

    0.0009    0.0182    0.0022    0.0182    0.0047

  Columns 16 through 20

    0.0045    0.0031    0.0067    0.8769    0.0051

  Columns 21 through 25

    0.0090    0.0207    0.0056    0.0189    0.0008


t=6

R/L/F/B : R
 RGB: 126.4061  126.3247  126.7797

     3


pred_belief =

  Columns 1 through 5

    0.0000    0.0000    0.0000    0.0000    0.0000

  Columns 6 through 10

    0.0001    0.0001    0.0003    0.0003    0.0007

  Columns 11 through 15

    0.0029    0.0029    0.0149    0.0054    0.0153

  Columns 16 through 20

    0.0060    0.0044    0.0036    0.0933    0.7027

  Columns 21 through 25

    0.0926    0.0098    0.0180    0.0085    0.0157


belief =

  Columns 1 through 5

    0.0000    0.0000    0.0000    0.0000    0.0000

  Columns 6 through 10

    0.0001    0.0000    0.0003    0.0000    0.0007

  Columns 11 through 15

    0.0030    0.0030    0.0154    0.0008    0.0158

  Columns 16 through 20

    0.0062    0.0006    0.0037    0.0964    0.7260

  Columns 21 through 25

    0.0957    0.0101    0.0186    0.0013    0.0023

t=7
R/L/F/B : B
  RGB:143.4076   92.1163  106.8665

     3


pred_belief =

  Columns 1 through 5

    0.0000    0.0000    0.0000    0.0000    0.0000

  Columns 6 through 10

    0.0000    0.0000    0.0000    0.0000    0.0001

  Columns 11 through 15

    0.0003    0.0003    0.0018    0.0001    0.0021

  Columns 16 through 20

    0.0030    0.0024    0.0127    0.0103    0.0853

  Columns 21 through 25

    0.0148    0.0018    0.0064    0.0773    0.5826


belief =

  Columns 1 through 5

    0.0000    0.0000    0.0000    0.0000    0.0000

  Columns 6 through 10

    0.0000    0.0000    0.0001    0.0000    0.0003

  Columns 11 through 15

    0.0015    0.0013    0.0075    0.0001    0.0091

  Columns 16 through 20

    0.0128    0.0015    0.0544    0.0440    0.3651

  Columns 21 through 25

    0.0635    0.0078    0.0273    0.0473    0.3563

